Webots Project File version R2023b
perspectives: 000000ff00000000fd000000010000000100000311000003eefc0200000001fc00000016000003ee0000005f0100001dfa000000020100000003fb0000001a0043006f006e0073006f006c00650041006c006c0041006c006c0100000000ffffffff0000006900fffffffb0000001400540065007800740045006400690074006f00720100000989000000770000007700fffffffb0000001a0043006f006e0073006f006c00650041006c006c0041006c006c0100000000ffffffff0000006900ffffff000006ed000003ee00000001000000020000000100000008fc00000000
simulationViewPerspectives: 000000ff000000010000000200000100000003380100000002010000000100
sceneTreePerspectives: 000000ff00000001000000030000001e000000c0000000000100000002010000000200
maximizedDockId: -1
centralWidgetVisible: 1
orthographicViewHeight: 1
textFiles: -1
consoles: Console:All:All
consoles: Console:All:All
renderingDevicePerspectives: Mavic 2 PRO:camera;0;1.70717;0.1176;0.178202
